background(5, 5, 5);

noStroke();
//top left corner square
    fill(224, 18, 35);
    triangle(64, 31, 32, 33, 0, 0); 
    fill(41, 196, 204);
    triangle(32, 33, 58, 59, 63, 30);
    fill(204, 191, 12);
    quad(57, 59, 73, 74, 100, 50, 62, 30);
    fill(161, 31, 217);
    triangle(73, 74, 100, 100, 100, 50);
    fill(145, 106, 125);
    triangle(35, 0, 27, 13, 0, 0);
    fill(44, 128, 54);
    quad(45, 22, 27, 13, 34, 0, 72, 0);
    fill(18, 126, 138);
    triangle(78, 38, 44, 22, 72, 0);
    fill(10, 71, 18);
    quad(77, 38, 75, 22, 100, 10, 100, 50);
    fill(39, 58, 163);
    quad(75, 22, 72, 0, 100, 0, 100, 10);
    fill(90, 161, 224);
    triangle(24, 47, 0, 0, 26, 27);
    fill(166, 176, 224);
    quad(26, 27, 23, 47, 28, 57, 52, 53);
    fill(153, 219, 153);
    quad(28, 57, 62, 74, 66, 66, 51, 51);
    fill(82, 159, 227);
    triangle(63, 73, 29, 57, 50, 100);
    fill(117, 217, 161);
    triangle(100, 100, 81, 80, 66, 100);
    fill(214, 86, 137);
    quad(48, 100, 66, 100, 81, 81, 66, 66);
    fill(34, 145, 117);
    triangle(27, 54, 0, 0, 0, 48);
    fill(148, 89, 112);
    quad(0, 48, 0, 60, 41, 81, 27, 54);
    fill(13, 70, 168);
    quad(25, 72, 14, 100, 50, 100, 41, 81);
    fill(67, 109, 181);
    quad(0, 60, 0, 100, 15, 100, 25, 72);

//Top center rectangle 
    //Pentagon in center 
        fill(166, 95, 23);
        triangle(100, 50, 100, 0, 129, 0);
        fill(156, 133, 20);
        triangle(100, 50, 113, 28, 138, 69);
        fill(126, 121, 171);
        quad(138, 69, 137, 0, 129, 0, 113, 28);
        fill(75, 19, 148);
        triangle(138, 69, 137, 18, 164, 0);
        fill(150, 27, 121);
        triangle(137, 18, 137, 0, 164, 0);
        fill(36, 19, 191);
        quad(191, 36, 213, 0, 164, 0, 151, 36);
        fill(37, 126, 194);
        triangle(138, 69, 177, 89, 208, 57);
        fill(30, 145, 168);
        quad(138, 69, 208, 58, 191, 36, 151, 36);
        fill(80, 107, 80);
        quad(177, 88, 200, 100, 217, 93, 207, 57);
        fill(32, 101, 158);
        triangle(255, 73, 215, 93, 210, 69);
        fill(37, 158, 37);
        quad(191, 36, 207, 57, 226, 34, 202, 18);
        fill(179, 46, 91);
        quad(210, 70, 253, 74, 226, 34, 206, 58);
        fill(186, 80, 44);
        quad(226, 34, 231, 0, 212, 0, 202, 18);
        fill(13, 23, 133);
        quad(257, 20, 254, 0, 231, 0, 228, 21);
        fill(181, 123, 175);
        quad(258, 20, 228, 21, 226, 34, 240, 56);
        fill(145, 77, 138);
        quad(257, 20, 240, 55, 254, 74, 267, 66);
        fill(109, 141, 166);
        triangle(276, 0, 261, 37, 253, 0);
        fill(39, 82, 54);
        quad(276, 0, 261, 37, 300, 14, 300, 0);
        fill(93, 163, 115);
        triangle(300, 50, 300, 14, 261, 37);
        fill(76, 42, 122);
        triangle(300, 50, 267, 66, 261, 37);
    //bottom left triangle 
        fill(166, 116, 232);
        triangle(128, 100, 100, 50, 100, 100);
        fill(12, 67, 245);
        triangle(115, 78, 100, 50, 138, 69);
        fill(28, 201, 63);
        quad(138, 69, 148, 100, 128, 100, 115, 78);
        fill(232, 225, 127);
        triangle(179, 89, 148, 100, 138, 69);
        fill(219, 44, 102);
        triangle(200, 100, 148, 100, 177, 88);
    //bottom right triangle 
        fill(217, 174, 46);
        triangle(252, 100, 200, 100, 261, 70);
        fill(161, 48, 217);
        triangle(276, 100, 252, 100, 280, 79);
        fill(201, 193, 245);
        quad(283, 58, 280, 79, 252, 100, 260, 70);
        fill(217, 50, 217);
        triangle(300, 100, 276, 100, 283, 56);
        fill(237, 200, 180);
        triangle(300, 100, 284, 58, 300, 50);
        
//Top right corner square
    fill(135, 62, 25);
    triangle(300, 50, 332, 35, 300, 0);
    fill(44, 20, 181);
    quad(335, 0, 347, 27, 331, 35, 300, 0);
    fill(16, 70, 97);
    triangle(346, 27, 370, 0, 335, 0);
    fill(50, 131, 171);
    triangle(344, 29, 400, 0, 370, 0);
    fill(103, 129, 245);
    triangle(300, 50, 337, 63, 300, 100);
    fill(178, 188, 237);
    triangle(300, 50, 337, 63, 331, 35);
    fill(182, 22, 222);
    quad(349, 51, 363, 19, 331, 35, 337, 64);
    fill(179, 235, 213);
    triangle(349, 51, 400, 0, 361, 20);
    fill(50, 179, 125);
    triangle(349, 51, 400, 0, 383, 36);
    fill(245, 226, 14);
    triangle(349, 51, 349, 100, 383, 36);
    fill(194, 15, 167);
    triangle(349, 51, 349, 77, 322, 78);
    fill(30, 193, 247);
    quad(349, 100, 300, 100, 323, 77, 349, 77);
    fill(140, 103, 28);
    triangle(380, 40, 400, 0, 400, 27);
    fill(161, 20, 86);
    quad(400, 76, 372, 56, 380, 40, 400, 27);
    fill(163, 101, 131);
    quad(400, 76, 389, 68, 372, 100, 400, 100);
    fill(16, 105, 38);
    quad(372, 55, 389, 68, 372, 100, 349, 100);
    
//left center rectangle 
    fill(112, 79, 12);
    triangle(50, 100, 0, 100, 20, 124);
    fill(12, 17, 110);
    triangle(0, 140, 0, 100, 20, 124);
    fill(20, 145, 25);
    triangle(50, 100, 70, 143, 29, 117);
    fill(34, 141, 145);
    quad(29, 117, 38, 123, 0, 166, 0, 140);
    fill(181, 31, 133);
    triangle(10, 154, 59, 136, 38, 123);
    fill(28, 104, 107);
    quad(26, 148, 0, 200, 0, 166, 10, 154);
    fill(156, 126, 19);
    quad(52, 174, 0, 200, 12, 176, 49, 162);
    fill(138, 68, 21);
    quad(47, 140, 25, 148, 12, 176, 50, 162);
    fill(28, 19, 153);
    quad(58, 136, 46, 141, 51, 175, 80, 160);
    fill(235, 185, 233);
    quad(67, 100, 50, 100, 64, 130, 79, 116);
    fill(40, 181, 47);
    triangle(100, 100, 101, 142, 66, 100);
    fill(247, 59, 244);
    quad(83, 151, 71, 145, 64, 130, 79, 116);
    fill(10, 34, 252);
    quad(83, 151, 100, 150, 101, 142, 79, 115);
    fill(34, 179, 41);
    triangle(65, 168, 54, 200, 0, 200);
    fill(29, 183, 194);
    quad(100, 200, 80, 160, 65, 168, 54, 200);
    fill(174, 179, 34);
    triangle(35, 236, 39, 200, 0, 200);
    fill(106, 34, 179);
    triangle(36, 227, 39, 200, 85, 200);
    fill(194, 29, 111);
    quad(100, 200, 100, 248, 63, 212, 84, 200);
    fill(188, 196, 28);
    quad(35, 235, 86, 235, 63, 212, 36, 227);
    fill(178, 148, 212);
    triangle(33, 234, 83, 283, 77, 235);
    fill(24, 201, 183);
    quad(77, 235, 86, 235, 100, 248, 81, 265);
    fill(203, 25, 209);
    quad(83, 282, 100, 300, 100, 248, 81, 265);
    fill(34, 89, 179);
    triangle(20, 221, 0, 259, 0, 200);
    fill(27, 71, 38);
    triangle(20, 221, 10, 240, 51, 252);
    fill(136, 24, 140);
    quad(0, 259, 20, 277, 31, 246, 10, 240);
    fill(173, 176, 10);
    quad(0, 259, 20, 277, 12, 300, 0, 300);
    fill(27, 27, 219);
    quad(44, 275, 20, 277, 31, 246, 51, 252);
    fill(26, 181, 184);
    quad(44, 275, 20, 277, 12, 300, 60, 300);
    fill(100, 145, 96);
    quad(44, 275, 50, 284, 82, 282, 51, 252);
    fill(194, 11, 39);
    quad(60, 300, 50, 284, 82, 282, 100, 300);
    fill(15, 124, 207);
    triangle(87, 150, 100, 150, 90, 155);
    fill(26, 205, 214);
    triangle(92, 154, 100, 150, 100, 159);
    fill(171, 120, 230);
    triangle(80, 160, 100, 200, 100, 173);
    
//center square
    fill(158, 240, 162);
    triangle(100, 100, 100, 131, 117, 118);
    fill(79, 214, 219);
    quad(115, 143, 100, 151, 100, 131, 116, 118);
    fill(166, 222, 36);
    triangle(133, 134, 115, 143, 116, 117);
    fill(230, 237, 33);
    triangle(100, 100, 121, 100, 112, 113);
    fill(36, 233, 240);
    quad(121, 100, 147, 128, 133, 134, 112, 113);
    fill(102, 194, 247);
    quad(200, 100, 147, 128, 139, 119, 177, 100);
    fill(245, 125, 181);
    triangle(121, 100, 177, 100, 139, 119);
    fill(230, 170, 198);
    triangle(200, 100, 263, 100, 237, 119);
    fill(30, 160, 230);
    quad(276, 100, 266, 134, 237, 119, 263, 100);
    fill(230, 227, 170);
    triangle(276, 100, 300, 100, 266, 134);
    fill(240, 166, 19);
    quad(300, 100, 300, 127, 276, 138, 266, 134);
    fill(217, 207, 26);
    triangle(300, 150, 300, 127, 276, 138);
    fill(240, 226, 77);
    triangle(200, 100, 170, 116, 231, 116);
    fill(205, 35, 247);
    quad(195, 116, 231, 116, 256, 129, 222, 129);
    fill(48, 217, 209);
    quad(195, 116, 169, 116, 144, 129, 222, 129);
    fill(30, 60, 232);
    quad(267, 134, 212, 146, 230, 129, 257, 129);
    fill(237, 29, 88);
    triangle(267, 134, 233, 166, 212, 146);
    fill(82, 227, 50);
    quad(157, 157, 132, 134, 145, 129, 197, 129);
    fill(179, 187, 230);
    quad(234, 166, 212, 146, 199, 166, 208, 193);
    fill(237, 219, 19);
    quad(200, 201, 175, 176, 199, 166, 208, 193);
    fill(231, 155, 235);
    triangle(155, 156, 174, 176, 199, 166);
    fill(30, 146, 235);
    triangle(230, 129, 197, 129, 212, 146);
    fill(162, 88, 240);
    quad(157, 156, 199, 166, 212, 146, 197, 129);
    fill(20, 138, 217);
    triangle(267, 134, 233, 166, 300, 150);
    fill(96, 182, 240);
    triangle(300, 174, 274, 156, 300, 150);
    fill(158, 100, 219);
    quad(265, 196, 254, 161, 274, 156, 287, 165);
    fill(100, 217, 113);
    quad(265, 196, 300, 185, 300, 174, 287, 165);
    fill(213, 217, 100);
    quad(262, 186, 254, 161, 233, 165, 227, 174);
    fill(102, 144, 217);
    quad(100, 159, 100, 150, 135, 133, 117, 169);  
    fill(8, 131, 207);
    triangle(124, 153, 134, 134, 157, 157);
    fill(217, 104, 209);
    quad(137, 179, 158, 156, 124, 153, 116, 168);
    fill(14, 128, 10);
    triangle(137, 179, 173, 173, 157, 157);
    fill(16, 232, 200);
    triangle(137, 179, 173, 173, 184, 197);
    fill(212, 21, 202);
    quad(198, 203, 200, 200, 173, 174, 184, 197);
    fill(16, 95, 230);
    triangle(300, 300, 285, 285, 272, 300);
    fill(201, 159, 235);
    triangle(250, 300, 264, 271, 268, 300);
    fill(245, 39, 235);
    quad(265, 278, 285, 285, 272, 300, 268, 300);
    fill(186, 172, 15);
    triangle(285, 285, 265, 278, 270, 269);
    fill(17, 214, 27);
    triangle(233, 300, 232, 280, 250, 300);
    fill(245, 112, 174);
    triangle(245, 270, 232, 280, 250, 300);
    fill(75, 103, 242);
    quad(250, 300, 245, 270, 264, 266, 264, 271);
    fill(245, 112, 174);
    triangle(245, 270, 232, 280, 250, 300);
    fill(242, 19, 60);
    triangle(200, 200, 195, 210, 210, 208);
    fill(207, 25, 77);
    quad(130, 258, 124, 266, 126, 274, 137, 261);
    fill(12, 245, 71);
    triangle(100, 200, 100, 238, 118, 235);
    fill(197, 39, 245);
    quad(100, 238, 100, 265, 115, 244, 118, 235);
    fill(12, 129, 245);
    triangle(115, 243, 100, 265, 111, 273);
    fill(127, 38, 179);
    quad(100, 265, 100, 300, 110, 289, 110, 272);
    fill(91, 168, 240);
    triangle(109, 300, 100, 300, 110, 289);
    fill(240, 183, 91);
    triangle(133, 265, 141, 280, 125, 276);
    fill(170, 39, 245);
    quad(141, 280, 150, 300, 122, 300, 123, 295);
    fill(91, 240, 218);
    triangle(123, 296, 141, 280, 125, 276);
    fill(219, 79, 112);
    quad(154, 245, 150, 250, 133, 266, 125, 248);
    fill(22, 171, 146);
    triangle(152, 275, 156, 244, 133, 266);
    fill(237, 147, 168);
    quad(152, 275, 153, 294, 148, 295, 133, 266);
    fill(11, 100, 194);
    quad(155, 300, 152, 294, 148, 295, 150, 300);
    fill(10, 247, 207);
    triangle(197, 273, 176, 259, 168, 281);
    fill(94, 184, 166);
    triangle(197, 273, 203, 283, 166, 282);
    fill(152, 88, 168);
    quad(203, 300, 203, 283, 166, 282, 169, 300);
    fill(91, 29, 237);
    triangle(123, 213, 100, 200, 123, 244);
    fill(173, 237, 124);
    triangle(113, 182, 100, 202, 100, 172);
    fill(139, 12, 171);
    quad(113, 181, 100, 200, 131, 218, 135, 198);
    fill(124, 167, 235);
    triangle(229, 171, 211, 210, 200, 201);
    fill(100, 219, 27);
    quad(228, 173, 237, 177, 228, 219, 211, 210);
    fill(186, 26, 103);
    quad(262, 185, 237, 177, 228, 219, 265, 195);
    fill(232, 183, 23);
    triangle(265, 195, 253, 227, 228, 219);
    fill(219, 222, 62);
    quad(300, 185, 300, 200, 290, 220, 265, 195);
    fill(111, 117, 235);
    triangle(265, 195, 253, 227, 275, 231);
    fill(184, 64, 27);
    quad(275, 231, 283, 235, 290, 220, 265, 195);
    fill(46, 55, 242);
    triangle(300, 200, 300, 241, 283, 235);
    fill(230, 138, 110);
    quad(300, 241, 295, 238, 292, 255, 300, 275);
    fill(230, 70, 21);
    quad(269, 270, 286, 287, 286, 278, 275, 254);
    fill(17, 58, 219);
    quad(300, 300, 286, 287, 286, 278, 300, 282);
    fill(240, 48, 237);
    triangle(300, 282, 300, 273, 283, 276);
    
//right center rectangle 
    fill(35, 157, 209);
    triangle(300, 127, 300, 100, 328, 100);
    fill(147, 101, 240);
    quad(352, 100, 336, 127, 317, 110, 326, 100);
    fill(191, 218, 245);
    quad(300, 150, 331, 123, 317, 110, 300, 127);
    fill(37, 250, 87);
    quad(300, 150, 331, 122, 336, 127, 320, 160);
    fill(24, 118, 158);
    triangle(400, 144, 400, 100, 350, 100);
    fill(163, 24, 168);
    triangle(371, 118, 319, 161, 350, 100);
    fill(84, 128, 101);
    triangle(343, 142, 319, 161, 385, 192);
    fill(79, 31, 184);
    quad(400, 164, 400, 201, 385, 192, 368, 171);
    fill(139, 113, 148);
    quad(371, 118, 381, 127, 357, 159, 342, 142);
    fill(14, 138, 40);
    triangle(381, 127, 357, 159, 400, 142);
    fill(163, 24, 68);
    quad(400, 142, 400, 164, 368, 171, 357, 159);
    fill(252, 119, 163);
    quad(321, 161, 310, 180, 300, 165, 300, 150);
    fill(25, 194, 186);
    triangle(300, 165, 300, 200, 310, 181);
    fill(10, 171, 163);
    triangle(300, 300, 300, 242, 323, 277);
    fill(227, 150, 175);
    quad(343, 259, 323, 277, 309, 256, 332, 240);
    fill(172, 173, 106);
    quad(300, 214, 300, 242, 309, 256, 332, 240);
    fill(199, 115, 24);
    quad(300, 214, 300, 200, 314, 173, 314, 225);
    fill(138, 25, 204);
    quad(337, 169, 320, 161, 314, 173, 314, 225);
    fill(24, 201, 189);
    triangle(387, 214, 332, 240, 343, 258);
    fill(207, 29, 118);
    triangle(400, 200, 353, 177, 385, 216);
    fill(125, 32, 179);
    triangle(348, 232, 353, 177, 385, 215);
    fill(173, 151, 186);
    quad(348, 232, 351, 201, 314, 225, 332, 240);
    fill(30, 186, 33);
    quad(353, 176, 351, 201, 314, 225, 337, 169);
    fill(166, 156, 21);
    triangle(300, 300, 316, 300, 323, 277);
    fill(168, 36, 80);
    quad(338, 263, 323, 277, 316, 300, 347, 300);
    fill(23, 80, 186);
    triangle(400, 300, 347, 300, 401, 277);
    fill(134, 149, 176);
    triangle(342, 279, 347, 300, 401, 277);
    fill(42, 130, 189);
    quad(338, 263, 354, 247, 371, 278, 342, 279);
    fill(179, 114, 186);
    triangle(400, 200, 371, 278, 400, 277);
    fill(186, 102, 18);
    triangle(400, 200, 389, 230, 367, 234);
    fill(27, 125, 32);
    quad(367, 234, 354, 247, 371, 278, 389, 230);
    
//Bottom left corner square
    fill(26, 19, 156);
    triangle(0, 300, 0, 338, 46, 300);
    fill(97, 93, 13);
    triangle(0, 400, 0, 338, 30, 370);
    fill(103, 20, 133);
    triangle(34, 310, 0, 338, 20, 360);
    fill(10, 26, 115);
    quad(46, 300, 34, 310, 81, 320, 100, 300);
    fill(11, 121, 143);
    quad(20, 360, 29, 370, 45, 355, 27, 334);
    fill(120, 152, 158);
    quad(34, 310, 60, 316, 40, 349, 27, 334);
    fill(171, 125, 173);
    quad(81, 320, 60, 315, 40, 349, 45, 355);
    fill(5, 107, 26);
    triangle(100, 300, 100, 343, 85, 316);
    fill(143, 8, 38);
    triangle(56, 344, 100, 343, 85, 316);
    fill(11, 94, 145);
    triangle(69, 370, 100, 343, 100, 383);
    fill(112, 135, 7);
    triangle(69, 370, 100, 343, 56, 344);
    fill(16, 42, 161);
    quad(100, 400, 100, 383, 69, 370, 59, 400);
    fill(31, 74, 21);
    quad(29, 370, 56, 344, 69, 370, 59, 400);
    fill(145, 93, 9);
    triangle(59, 400, 0, 400, 30, 370);
    
//Bottom center rectangle 
    fill(82, 74, 6);
    triangle(100, 300, 100, 368, 118, 319);
    fill(11, 143, 150);
    triangle(148, 349, 100, 368, 118, 319);
    fill(111, 17, 173);
    triangle(148, 349, 100, 368, 131, 384);
    fill(37, 143, 10);
    quad(100, 368, 131, 384, 127, 400, 100, 400);
    fill(156, 14, 64);
    quad(148, 349, 131, 384, 165, 400, 176, 377);
    fill(150, 103, 8);
    triangle(165, 400, 127, 400, 131, 384);
    fill(80, 59, 125);
    triangle(165, 400, 200, 400, 176, 377);
    fill(127, 13, 135);
    triangle(268, 332, 300, 362, 300, 300);
    fill(10, 69, 171);
    triangle(200, 400, 238, 400, 228, 373);
    fill(13, 133, 181);
    quad(269, 332, 300, 362, 300, 383, 274, 373);
    fill(24, 104, 135);
    quad(269, 331, 228, 373, 232, 383, 274, 373);
    fill(107, 18, 145);
    triangle(274, 373, 238, 400, 228, 373);
    fill(143, 19, 37);
    triangle(274, 373, 238, 400, 263, 400);
    fill(48, 140, 23);
    quad(300, 383, 300, 400, 263, 400, 274, 373);
    fill(21, 148, 44);
    triangle(214, 372, 200, 400, 225, 376);
    fill(29, 128, 158);
    quad(236, 365, 225, 376, 214, 372, 222, 355);
    fill(161, 30, 120);
    quad(236, 365, 263, 337, 236, 337, 221, 356);
    fill(59, 38, 191);
    quad(200, 400, 220, 360, 202, 360, 192, 384);
    fill(173, 110, 28);
    triangle(185, 369, 193, 385, 202, 360);
    fill(53, 18, 125);
    quad(179, 358, 205, 321, 202, 360, 185, 369);
    fill(145, 91, 20);
    triangle(164, 366, 200, 400, 176, 350);
    fill(163, 137, 103);
    triangle(164, 366, 163, 324, 176, 351);
    fill(162, 24, 186);
    triangle(164, 365, 163, 324, 134, 335);
    fill(125, 105, 171);
    quad(126, 327, 150, 300, 163, 324, 135, 336);
    fill(54, 15, 153);
    quad(100, 300, 108, 300, 112, 306, 110, 310);
    fill(122, 138, 17);
    quad(150, 300, 121, 300, 120, 308, 141, 310);
    fill(156, 90, 15);
    quad(126, 327, 120, 321, 120, 308, 141, 310);
    fill(171, 109, 168);
    quad(221, 360, 202, 360, 204, 322, 232, 335);
    fill(21, 63, 171);
    triangle(223, 356, 238, 337, 231, 337);
    fill(156, 17, 149);
    quad(262, 337, 247, 337, 237, 325, 244, 313);
    fill(100, 118, 161);
    triangle(263, 338, 281, 319, 250, 322);
    fill(17, 156, 22);
    quad(249, 300, 270, 300, 251, 322, 243, 313);
    fill(17, 140, 156);
    quad(300, 300, 269, 300, 251, 322, 281, 319);
    fill(13, 170, 184);
    quad(231, 300, 250, 300, 238, 325, 234, 312);
    fill(134, 17, 184);
    quad(212, 300, 230, 300, 226, 324, 212, 316);
    fill(18, 43, 184);
    quad(219, 329, 231, 335, 226, 324, 212, 316);
    fill(105, 117, 171);
    quad(179, 359, 204, 322, 203, 316, 161, 320);
    fill(103, 15, 186);
    triangle(161, 320, 162, 314, 171, 319);
    fill(93, 158, 107);
    quad(150, 300, 155, 300, 164, 308, 161, 320);
    fill(166, 13, 100);
    triangle(203, 316, 203, 300, 183, 318);
    fill(128, 10, 65);
    quad(204, 300, 169, 300, 167, 308, 183, 318);
    
//Bottom right square corner 
    fill(60, 12, 173);
    triangle(300, 352, 326, 327, 300, 300);
    fill(130, 10, 52);
    quad(326, 327, 360, 359, 331, 371, 314, 338);
    fill(8, 99, 21);
    quad(300, 352, 300, 394, 331, 371, 314, 338);
    fill(136, 140, 10);
    quad(300, 400, 300, 394, 324, 377, 345, 400);
    fill(10, 130, 122);
    triangle(400, 400, 345, 400, 359, 359);
    fill(121, 11, 143);
    quad(359, 359, 330, 371, 324, 376, 345, 400);
    fill(115, 95, 161);
    triangle(349, 300, 326, 327, 300, 300);
    fill(42, 105, 96);
    triangle(341, 309, 326, 327, 370, 369);
    fill(103, 17, 120);
    quad(400, 300, 349, 300, 341, 309, 353, 334);
    fill(143, 148, 77);
    triangle(400, 359, 377, 377, 400, 400);
    fill(139, 10, 168);
    quad(400, 300, 400, 359, 390, 367, 376, 317);
    fill(33, 24, 158);
    quad(353, 334, 362, 354, 390, 367, 376, 317);
    fill(125, 61, 12);
    quad(370, 370, 362, 354, 390, 367, 377, 377);
    
//Alta
    //Alta's tail
        fill(227, 187, 29);
        triangle(80, 160, 87, 151, 58, 136);
        fill(219, 175, 15);
        triangle(80, 160, 87, 151, 110, 165);
        fill(199, 158, 8);
        triangle(80, 160, 115, 183, 110, 165);
        fill(212, 181, 23);
        quad(141, 181, 110, 165, 115, 183, 131, 198);
        
    //Alta's feet
        //far left 
            fill(158, 133, 6);
            quad(120, 322, 107, 307, 109, 304, 120, 307);
            fill(230, 200, 49);
            quad(123, 296, 110, 274, 109, 304, 120, 307);
            fill(204, 167, 18);
            triangle(123, 296, 110, 274, 127, 264);
            fill(230, 187, 14);
            triangle(115, 241, 110, 274, 127, 264);
            fill(209, 176, 12);
            quad(140, 235, 123, 212, 115, 241, 127, 264);
            
        //Middle left
            fill(117, 97, 19);
            triangle(155, 245, 165, 252, 151, 275);
            fill(77, 67, 16);
            quad(165, 252, 175, 259, 167, 282, 151, 275);
            fill(112, 89, 4);
            triangle(152, 295, 167, 282, 151, 275);
            fill(135, 114, 11);
            quad(162, 314, 170, 307, 167, 282, 152, 295);
            fill(59, 57, 12);
            quad(162, 314, 170, 307, 184, 318, 169, 319);
            
        //Middle right 
            fill(148, 102, 9);
            quad(202, 282, 202, 311, 212, 316, 213, 300);
            fill(84, 56, 5);
            quad(204, 323, 202, 311, 212, 316, 219, 329);
            
        //Far right
            fill(214, 170, 26);
            triangle(220, 269, 196, 272, 213, 300);
            fill(235, 193, 103);
            quad(222, 317, 213, 300, 220, 269, 232, 280);
            fill(214, 163, 8);
            triangle(234, 311, 222, 317, 232, 280);
            fill(224, 157, 13);
            quad(222, 317, 227, 326, 237, 324, 234, 311);
            fill(150, 104, 6);
            quad(232, 337, 227, 326, 237, 324, 248, 337);
            
    //Alta's body
        fill(219, 172, 31);
        quad(140, 235, 123, 212, 183, 195, 173, 211);
        fill(242, 196, 14);
        triangle(140, 235, 173, 211, 196, 272);
        fill(235, 216, 148);
        triangle(140, 235, 135, 248, 155, 245);
        fill(240, 213, 118);
        triangle(123, 212, 143, 207, 141, 181);
        fill(242, 197, 48);
        triangle(183, 195, 143, 207, 141, 181);
        fill(207, 156, 16);
        quad(184, 241, 214, 238, 183, 195, 173, 211);
        fill(235, 198, 97);
        quad(184, 241, 214, 238, 220, 269, 196, 272);
        fill(219, 169, 17);
        triangle(213, 238, 183, 195, 228, 218);
        fill(219, 165, 15);
        triangle(214, 237, 254, 227, 228, 218);
        fill(240, 202, 87);
        triangle(214, 237, 254, 227, 220, 269);
        fill(230, 199, 106);
        triangle(262, 247, 254, 227, 238, 246);
        fill(191, 134, 11);
        quad(245, 270, 238, 246, 220, 269, 232, 280);
        fill(196, 143, 10);
        triangle(262, 247, 245, 270, 237, 246);
        fill(237, 223, 190);
        quad(271, 241, 262, 247, 254, 227, 275, 231);
        fill(217, 156, 13);
        quad(271, 241, 280, 247, 295, 239, 275, 231);
        fill(194, 133, 11);
        quad(283, 253, 280, 247, 295, 239, 295, 251);
        fill(128, 87, 16);
        quad(265, 279, 280, 247, 271, 241, 262, 247);
        fill(181, 135, 18);
        triangle(262, 247, 245, 270, 264, 266);
        fill(122, 84, 7);
        quad(295, 251, 295, 258, 283, 259, 283, 252);
        fill(235, 196, 117);
        quad(300, 273, 295, 258, 283, 259, 286, 279);
        fill(143, 104, 6);
        triangle(300, 273, 286, 279, 295, 280);
        fill(176, 130, 12);
        triangle(271, 266, 286, 279, 283, 259);
        fill(230, 211, 172);
        quad(271, 266, 280, 247, 283, 251, 283, 259);
